ues,recvmsg
50,0.020816
